-2.0532139e-08  75702.864            
-2.0330577e-08  18925.716            
-2.0129016e-08  94628.58            
-1.9927454e-08  18925.716            
-1.9725892e-08  75702.864            
-1.9524331e-08  208182.88            
-1.9322769e-08  170331.44            
-1.9121208e-08  227108.59            
-1.8919646e-08  151405.73            
-1.8718084e-08  359588.6            
-1.8516523e-08  302811.46            
-1.8314961e-08  435291.47            
-1.81134e-08  510994.33            
-1.7911838e-08  321737.17            
-1.7710277e-08  340662.89            
-1.7508715e-08  492068.62            
-1.7307153e-08  359588.6            
-1.7105592e-08  567771.48            
-1.690403e-08  643474.35            
-1.6702469e-08  700251.49            
-1.6500907e-08  1003062.9            
-1.6299346e-08  548845.76            
-1.6097784e-08  794880.07            
-1.5896222e-08  965211.52            
-1.5694661e-08  984137.23            
-1.5493099e-08  1343725.8            
-1.5291538e-08  1514057.3            
-1.5089976e-08  1835794.5            
-1.4888414e-08  2592823.1            
-1.4686853e-08  2592823.1            
-1.4485291e-08  2384640.2            
-1.428373e-08  3198446            
-1.4082168e-08  3312000.3            
-1.3880607e-08  3595886            
-1.3679045e-08  4315063.3            
-1.3477483e-08  5469531.9            
-1.3275922e-08  5999452            
-1.307436e-08  5810194.8            
-1.2872799e-08  5961600.6            
-1.2671237e-08  6794332.1            
-1.2469675e-08  8251612.2            
-1.2268114e-08  8024503.6            
-1.2066552e-08  8667977.9            
-1.1864991e-08  8989715.1            
-1.1663429e-08  9708892.3            
-1.1461868e-08  11128321            
-1.1260306e-08  11109395            
-1.1058744e-08  12434195            
-1.0857183e-08  12869487            
-1.0655621e-08  13815773            
-1.045406e-08  14970241            
-1.0252498e-08  17165624            
-1.0050936e-08  18357945            
-9.8493749e-09  21499613            
-9.6478133e-09  23411111            
-9.4462517e-09  23638219            
-9.2446901e-09  23941031            
-9.0431286e-09  27196254            
-8.841567e-09  27801877            
-8.6400054e-09  29524117            
-8.4384438e-09  28937420            
-8.2368822e-09  32003386            
-8.0353206e-09  33157854            
-7.8337591e-09  34388026            
-7.6321975e-09  37700026            
-7.4306359e-09  39289786            
-7.2290743e-09  44588987            
-7.0275127e-09  44059067            
-6.8259512e-09  45554198            
-6.6243896e-09  46860073            
-6.422828e-09  48487684            
-6.2212664e-09  49717856            
-6.0197048e-09  51023730            
-5.8181432e-09  51932165            
-5.6165817e-09  52821673            
-5.4150201e-09  55660531            
-5.2134585e-09  56455411            
-5.0118969e-09  55471274            
-4.8103353e-09  57307068            
-4.6087737e-09  58310131            
-4.4072122e-09  61338246            
-4.2056506e-09  62965857            
-4.004089e-09  61697834            
-3.8025274e-09  61849240            
-3.6009658e-09  63779663            
-3.3994043e-09  63817514            
-3.1978427e-09  64990909            
-2.9962811e-09  66069675            
-2.7947195e-09  66864555            
-2.5931579e-09  67299846            
-2.3915963e-09  65956120            
-2.1900348e-09  66164303            
-1.9884732e-09  64593469            
-1.7869116e-09  63155114            
-1.58535e-09  62738749            
-1.3837884e-09  63325446            
-1.1822269e-09  60902954            
-9.8066527e-10  60751548            
-7.7910369e-10  60032371            
-5.7754211e-10  59199640            
-3.7598053e-10  57382771            
-1.7441894e-10  59275343            
2.7142638e-11  58291205            
2.2870422e-10  56928554            
4.302658e-10  55963342            
6.3182738e-10  53635479            
8.3338897e-10  53711182            
1.0349505e-09  51856462            
1.2365121e-09  50607365            
1.4380737e-09  50304553            
1.6396353e-09  49036530            
1.8411969e-09  48941902            
2.0427585e-09  48771570            
2.24432e-09  48941902            
2.4458816e-09  46689741            
2.6474432e-09  46405856            
2.8490048e-09  44759318            
3.0505664e-09  43794107            
3.252128e-09  42734267            
3.4536895e-09  40614587            
3.6552511e-09  41466244            
3.8568127e-09  39630449            
4.0583743e-09  37529695            
4.2599359e-09  38835569            
4.4614974e-09  35485718            
4.663059e-09  36432003            
4.8646206e-09  34993649            
5.0661822e-09  34804392            
5.2677438e-09  32911820            
5.4693054e-09  32684712            
5.6708669e-09  32779340            
5.8724285e-09  32571157            
6.0739901e-09  31814129            
6.2755517e-09  31549169            
6.4771133e-09  31189580            
6.6786748e-09  30451477            
6.8802364e-09  31151729            
7.081798e-09  27726174            
7.2833596e-09  30583957            
7.4849212e-09  28350723            
7.6864828e-09  28710311            
7.8880443e-09  27025922            
8.0896059e-09  26174265            
8.2911675e-09  25511865            
8.4927291e-09  23751774            
8.6942907e-09  24168139            
8.8958522e-09  22559454            
9.0974138e-09  21518539            
9.2989754e-09  21386059            
9.500537e-09  19682745            
9.7020986e-09  20307293            
9.9036602e-09  19020345            
1.0105222e-08  18055133            
1.0306783e-08  17752322            
1.0508345e-08  16124710            
1.0709906e-08  17298104            
1.0911468e-08  15481236            
1.111303e-08  16370744            
1.1314591e-08  15481236            
1.1516153e-08  14553876            
1.1717714e-08  14288916            
1.1919276e-08  13853624            
1.2120838e-08  14099658            
1.2322399e-08  13796847            
1.2523961e-08  11979978            
1.2725522e-08  10957990            
1.2927084e-08  11109395            
1.3128645e-08  10238812            
1.3330207e-08  9273600.9            
1.3531769e-08  8914012.3            
1.373333e-08  8876160.8            
1.3934892e-08  8270537.9            
1.4136453e-08  7362103.5            
1.4338015e-08  7664915            
1.4539577e-08  7381029.3            
1.4741138e-08  6718629.2            
1.49427e-08  6832183.5            
1.5144261e-08  6510446.3            
1.5345823e-08  6207634.9            
1.5547384e-08  5923749.1            
1.5748946e-08  5923749.1            
1.5950508e-08  5488457.6            
1.6152069e-08  5223497.6            
1.6353631e-08  5147794.8            
1.6555192e-08  5526309.1            
1.6756754e-08  4731429            
1.6958316e-08  5091017.6            
1.7159877e-08  4163657.5            
1.7361439e-08  3236297.4            
1.7563e-08  3406628.9            
1.7764562e-08  3141668.9            
1.7966123e-08  3122743.1            
1.8167685e-08  3406628.9            
1.8369247e-08  2744228.8            
1.8570808e-08  2271085.9            
1.877237e-08  2290011.6            
1.8973931e-08  2138605.9            
1.9175493e-08  2195383.1            
1.9377055e-08  1911497.3            
1.9578616e-08  1797943            
1.9780178e-08  1854720.2            
1.9981739e-08  1495131.6            
2.0183301e-08  1192320.1            
2.0384862e-08  1457280.1            
2.0586424e-08  1268023            
2.0787986e-08  1116617.2            
2.0989547e-08  1040914.4            
2.1191109e-08  889508.65            
2.139267e-08  473142.9            
2.1594232e-08  548845.76            
2.1795794e-08  359588.6            
2.1997355e-08  435291.47            
2.2198917e-08  454217.18            
2.2400478e-08  208182.88            
2.260204e-08  227108.59            
2.2803601e-08  170331.44            
2.3005163e-08  283885.74            
2.3206725e-08  246034.31            
2.3408286e-08  321737.17            
2.3609848e-08  151405.73            
2.3811409e-08  170331.44            
2.4012971e-08  113554.3            
2.4214532e-08  227108.59            
