-2.1895846e-08  28983.379            
-2.1632613e-08  43475.069            
-2.136938e-08  43475.069            
-2.1106146e-08  57966.759            
-2.0842913e-08  72458.448            
-2.0579679e-08  57966.759            
-2.0316446e-08  130425.21            
-2.0053212e-08  202883.65            
-1.9789979e-08  231867.03            
-1.9526746e-08  449242.38            
-1.9263512e-08  347800.55            
-1.9000279e-08  492717.45            
-1.8737045e-08  420259            
-1.8473812e-08  463734.07            
-1.8210578e-08  608650.96            
-1.7947345e-08  594159.28            
-1.7684111e-08  768059.55            
-1.7420878e-08  883993.07            
-1.7157645e-08  970943.21            
-1.6894411e-08  1260777            
-1.6631178e-08  1608577.5            
-1.6367944e-08  1681036            
-1.6104711e-08  1695527.7            
-1.5841477e-08  1883919.7            
-1.5578244e-08  2057819.9            
-1.5315011e-08  2550537.4            
-1.5051777e-08  2521554            
-1.4788544e-08  2738929.3            
-1.452531e-08  3376563.7            
-1.4262077e-08  3854789.4            
-1.3998843e-08  4753274.2            
-1.373561e-08  4405473.6            
-1.3472376e-08  5072091.4            
-1.3209143e-08  5332941.8            
-1.294591e-08  5999559.5            
-1.2682676e-08  6535752            
-1.2419443e-08  7390761.7            
-1.2156209e-08  7897970.9            
-1.1892976e-08  8695013.8            
-1.1629742e-08  8752980.5            
-1.1366509e-08  10796309            
-1.1103276e-08  11564368            
-1.0840042e-08  12462853            
-1.0576809e-08  13390321            
-1.0313575e-08  13578713            
-1.0050342e-08  16564001            
-9.7871084e-09  17390028            
-9.5238749e-09  19201489            
-9.2606415e-09  19810140            
-8.9974081e-09  21723043            
-8.7341746e-09  23606962            
-8.4709412e-09  24925706            
-8.2077078e-09  26302417            
-7.9444743e-09  29678980            
-7.6812409e-09  30287631            
-7.4180075e-09  31490442            
-7.154774e-09  33983012            
-6.8915406e-09  36823383            
-6.6283071e-09  37330592            
-6.3650737e-09  40257914            
-6.1018403e-09  40649189            
-5.8386068e-09  43402610            
-5.5753734e-09  45243055            
-5.31214e-09  47199433            
-5.0489065e-09  49880396            
-4.7856731e-09  50778880            
-4.5224396e-09  52372966            
-4.2592062e-09  55242321            
-3.9959728e-09  57850825            
-3.7327393e-09  56749457            
-3.4695059e-09  60053562            
-3.2062725e-09  63256225            
-2.943039e-09  64517002            
-2.6798056e-09  65270570            
-2.4165722e-09  67226948            
-2.1533387e-09  66995081            
-1.8901053e-09  68879001            
-1.6268718e-09  67893566            
-1.3636384e-09  68487725            
-1.100405e-09  71762847            
-8.3717153e-10  68038483            
-5.739381e-10  69574602            
-3.1070466e-10  66299480            
-4.7471224e-11  65574896            
2.1576221e-10  68038483            
4.7899565e-10  66227022            
7.4222909e-10  66227022            
1.0054625e-09  66763214            
1.268696e-09  65372012            
1.5319294e-09  64560477            
1.7951628e-09  62864950            
2.0583963e-09  62053415            
2.3216297e-09  60039070            
2.5848631e-09  59430419            
2.8480966e-09  57213191            
3.11133e-09  56488606            
3.3745635e-09  57184207            
3.6377969e-09  54648162            
3.9010303e-09  51706349            
4.1642638e-09  48445718            
4.4274972e-09  48721061            
4.6907306e-09  46866124            
4.9539641e-09  43967786            
5.2171975e-09  43402610            
5.4804309e-09  41185382            
5.7436644e-09  38837728            
6.0068978e-09  37316101            
6.2701313e-09  33794620            
6.5333647e-09  31867226            
6.7965981e-09  28142861            
7.0598316e-09  27476244            
7.323065e-09  26244450            
7.5862984e-09  24215613            
7.8495319e-09  23259162            
8.1127653e-09  21665076            
8.3759987e-09  20737608            
8.6392322e-09  17882745            
8.9024656e-09  17795795            
9.1656991e-09  15274241            
9.4289325e-09  15926367            
9.6921659e-09  14129397            
9.9553994e-09  13636680            
1.0218633e-08  13854055            
1.0481866e-08  13839564            
1.07451e-08  12288953            
1.1008333e-08  12187511            
1.1271567e-08  10463000            
1.15348e-08  9810873.9            
1.1798033e-08  9100781.1            
1.2061267e-08  8752980.5            
1.23245e-08  7608137.1            
1.2587734e-08  6477785.3            
1.2850967e-08  5753200.8            
1.3114201e-08  5274975            
1.3377434e-08  4695307.4            
1.3640667e-08  4550390.5            
1.3903901e-08  4448948.7            
1.4167134e-08  4231573.4            
1.4430368e-08  3883772.8            
1.4693601e-08  4086656.5            
1.4956835e-08  3840297.8            
1.5220068e-08  3478005.5            
1.5483302e-08  2565029.1            
1.5746535e-08  3014271.4            
1.6009768e-08  2608504.1            
1.6273002e-08  2608504.1            
1.6536235e-08  2159261.8            
1.6799469e-08  2057819.9            
1.7062702e-08  1912903            
1.7325936e-08  1608577.5            
1.7589169e-08  1565102.5            
1.7852402e-08  1318743.8            
1.8115636e-08  1347727.1            
1.8378869e-08  1217301.9            
1.8642103e-08  1130351.8            
1.8905336e-08  912976.45            
1.916857e-08  927468.14            
1.9431803e-08  927468.14            
1.9695037e-08  912976.45            
1.995827e-08  1043401.7            
2.0221503e-08  1072385            
2.0484737e-08  1304252.1            
2.074797e-08  1188318.6            
2.1011204e-08  797042.93            
2.1274437e-08  883993.07            
2.1537671e-08  811534.62            
2.1800904e-08  883993.07            
2.2064137e-08  478225.76            
2.2327371e-08  376783.93            
2.2590604e-08  550684.21            
2.2853838e-08  333308.86            
2.3117071e-08  376783.93            
2.3380305e-08  376783.93            
2.3643538e-08  478225.76            
2.3906772e-08  463734.07            
2.4170005e-08  289833.79            
2.4433238e-08  362292.24            
2.4696472e-08  391275.62            
2.4959705e-08  304325.48            
2.5222939e-08  362292.24            
2.5486172e-08  260850.41            
2.5749406e-08  362292.24            
2.6012639e-08  318817.17            
2.6275872e-08  333308.86            
2.6539106e-08  434750.69            
2.6802339e-08  202883.65            
2.7065573e-08  115933.52            
2.7328806e-08  144916.9            
2.759204e-08  144916.9            
2.7855273e-08  173900.28            
2.8118506e-08  231867.03            
2.838174e-08  144916.9            
2.8644973e-08  159408.59            
2.8908207e-08  115933.52            
2.917144e-08  173900.28            
2.9434674e-08  159408.59            
2.9697907e-08  173900.28            
2.9961141e-08  144916.9            
3.0224374e-08  159408.59            
3.0487607e-08  231867.03            
3.0750841e-08  130425.21            
3.1014074e-08  188391.97            
3.1277308e-08  144916.9            
3.1540541e-08  159408.59            
3.1803775e-08  130425.21            
3.2067008e-08  188391.97            
3.2330241e-08  159408.59            
3.2593475e-08  217375.34            
3.2856708e-08  101441.83            
3.3119942e-08  188391.97            
3.3383175e-08  159408.59            
3.3646409e-08  188391.97            
3.3909642e-08  101441.83            
3.4172876e-08  159408.59            
3.4436109e-08  144916.9            
3.4699342e-08  115933.52            
3.4962576e-08  101441.83            
3.5225809e-08  188391.97            
3.5489043e-08  101441.83            
3.5752276e-08  159408.59            
3.601551e-08  86950.138            
3.6278743e-08  101441.83            
3.6541976e-08  43475.069            
