-1.6610239e-08  70327.465            
-1.6393271e-08  35163.733            
-1.6176304e-08  70327.465            
-1.5959336e-08  70327.465            
-1.5742368e-08  105491.2            
-1.55254e-08  105491.2            
-1.5308433e-08  87909.332            
-1.5091465e-08  140654.93            
-1.4874497e-08  123073.06            
-1.465753e-08  52745.599            
-1.4440562e-08  175818.66            
-1.4223594e-08  105491.2            
-1.4006626e-08  210982.4            
-1.3789659e-08  193400.53            
-1.3572691e-08  193400.53            
-1.3355723e-08  281309.86            
-1.3138756e-08  369219.19            
-1.2921788e-08  334055.46            
-1.270482e-08  386801.06            
-1.2487852e-08  404382.93            
-1.2270885e-08  650529.05            
-1.2053917e-08  808765.85            
-1.1836949e-08  984584.51            
-1.1619982e-08  1125239.4            
-1.1403014e-08  1107657.6            
-1.1186046e-08  1617531.7            
-1.0969079e-08  1775768.5            
-1.0752111e-08  2285642.6            
-1.0535143e-08  2355970.1            
-1.0318175e-08  2584534.3            
-1.0101208e-08  2619698.1            
-9.88424e-09  3604282.6            
-9.6672723e-09  3744937.5            
-9.4503045e-09  3938338.1            
-9.2333368e-09  4940504.4            
-9.0163691e-09  5977834.6            
-8.7994014e-09  6698691.1            
-8.5824337e-09  7261310.8            
-8.365466e-09  8738187.6            
-8.1484983e-09  9054661.2            
-7.9315306e-09  10179901            
-7.7145629e-09  11656777            
-7.4975952e-09  13678692            
-7.2806274e-09  15700607            
-7.0636597e-09  17634612            
-6.846692e-09  20148819            
-6.6297243e-09  22434461            
-6.4127566e-09  24192648            
-6.1957889e-09  24772850            
-5.9788212e-09  28693606            
-5.7618535e-09  31612196            
-5.5448858e-09  35761516            
-5.3279181e-09  39137234            
-5.1109504e-09  41493205            
-4.8939826e-09  45923835            
-4.6770149e-09  50530284            
-4.4600472e-09  52393962            
-4.2430795e-09  56156481            
-4.0261118e-09  59831091            
-3.8091441e-09  63874920            
-3.5921764e-09  68727515            
-3.3752087e-09  72068070            
-3.158241e-09  77588776            
-2.9412733e-09  80208474            
-2.7243055e-09  83496283            
-2.5073378e-09  86854420            
-2.2903701e-09  94291549            
-2.0734024e-09  1.0042762e+08            
-1.8564347e-09  1.0065618e+08            
-1.639467e-09  1.0749553e+08            
-1.4224993e-09  1.0951745e+08            
-1.2055316e-09  1.1371951e+08            
-9.8856387e-10  1.1444037e+08            
-7.7159616e-10  1.1284042e+08            
-5.5462845e-10  1.1516122e+08            
-3.3766074e-10  1.1431729e+08            
-1.2069303e-10  1.1558319e+08            
9.6274676e-11  1.1340304e+08            
3.1324239e-10  1.1280525e+08            
5.3021009e-10  1.1108223e+08            
7.471778e-10  1.1122289e+08            
9.6414551e-10  1.1234813e+08            
1.1811132e-09  1.0679226e+08            
1.3980809e-09  1.0478792e+08            
1.6150486e-09  98124396            
1.8320164e-09  93658602            
2.0489841e-09  89878501            
2.2659518e-09  85570943            
2.4829195e-09  78450288            
2.6998872e-09  75162479            
2.9168549e-09  72261471            
3.1338226e-09  67426457            
3.3507903e-09  63734265            
3.567758e-09  59303635            
3.7847257e-09  54292803            
4.0016934e-09  50037992            
4.2186612e-09  46257890            
4.4356289e-09  44904087            
4.6525966e-09  40297638            
4.8695643e-09  37519703            
5.086532e-09  34882423            
5.3034997e-09  31225395            
5.5204674e-09  28218895            
5.7374351e-09  25300306            
5.9544028e-09  22223479            
6.1713705e-09  20201564            
6.3883383e-09  17757685            
6.605306e-09  16122571            
6.8222737e-09  14751186            
7.0392414e-09  12412798            
7.2562091e-09  11498541            
7.4731768e-09  9511789.7            
7.6901445e-09  8105240.4            
7.9071122e-09  7700857.5            
8.1240799e-09  6540454.3            
8.3410476e-09  6610781.7            
8.5580153e-09  4958086.3            
8.7749831e-09  4131738.6            
8.9919508e-09  3217481.5            
9.2089185e-09  3111990.3            
9.4258862e-09  3340554.6            
9.6428539e-09  2901007.9            
9.8598216e-09  2690025.5            
1.0076789e-08  2531788.8            
1.0293757e-08  2479043.2            
1.0510725e-08  2707607.4            
1.0727692e-08  2127405.8            
1.094466e-08  1951587.2            
1.1161628e-08  1810932.2            
1.1378596e-08  1934005.3            
1.1595563e-08  1512040.5            
1.1812531e-08  1670277.3            
1.2029499e-08  1441713            
1.2246466e-08  1424131.2            
1.2463434e-08  1424131.2            
1.2680402e-08  1353803.7            
1.289737e-08  1213148.8            
1.3114337e-08  1142821.3            
1.3331305e-08  1054912            
1.3548273e-08  1019748.2            
1.376524e-08  1072493.8            
1.3982208e-08  1142821.3            
1.4199176e-08  1125239.4            
1.4416144e-08  1054912            
1.4633111e-08  1002166.4            
1.4850079e-08  949420.78            
1.5067047e-08  984584.51            
1.5284014e-08  914257.05            
1.5500982e-08  1072493.8            
1.571795e-08  1125239.4            
1.5934917e-08  1248312.5            
1.6151885e-08  1019748.2            
1.6368853e-08  1002166.4            
1.6585821e-08  1301058.1            
1.6802788e-08  1424131.2            
1.7019756e-08  1336221.8            
1.7236724e-08  1301058.1            
1.7453691e-08  1037330.1            
1.7670659e-08  1142821.3            
1.7887627e-08  1213148.8            
1.8104595e-08  1002166.4            
1.8321562e-08  861511.45            
1.853853e-08  1160403.2            
1.8755498e-08  1160403.2            
1.8972465e-08  949420.78            
1.9189433e-08  879093.32            
1.9406401e-08  773602.12            
1.9623369e-08  492292.26            
1.9840336e-08  509874.12            
2.0057304e-08  351637.33            
2.0274272e-08  562619.72            
2.0491239e-08  421964.79            
2.0708207e-08  492292.26            
2.0925175e-08  369219.19            
2.1142142e-08  457128.52            
2.135911e-08  457128.52            
2.1576078e-08  281309.86            
2.1793046e-08  334055.46            
2.2010013e-08  281309.86            
2.2226981e-08  210982.4            
2.2443949e-08  298891.73            
2.2660916e-08  175818.66            
2.2877884e-08  246146.13            
2.3094852e-08  263727.99            
2.331182e-08  193400.53            
2.3528787e-08  210982.4            
2.3745755e-08  210982.4            
2.3962723e-08  298891.73            
2.417969e-08  228564.26            
2.4396658e-08  175818.66            
2.4613626e-08  263727.99            
2.4830594e-08  210982.4            
2.5047561e-08  369219.19            
2.5264529e-08  263727.99            
2.5481497e-08  87909.332            
2.5698464e-08  228564.26            
2.5915432e-08  298891.73            
2.61324e-08  193400.53            
2.6349368e-08  263727.99            
2.6566335e-08  140654.93            
2.6783303e-08  246146.13            
2.7000271e-08  351637.33            
2.7217238e-08  351637.33            
2.7434206e-08  123073.06            
2.7651174e-08  246146.13            
2.7868141e-08  228564.26            
2.8085109e-08  175818.66            
2.8302077e-08  246146.13            
2.8519045e-08  246146.13            
2.8736012e-08  246146.13            
2.895298e-08  404382.93            
2.9169948e-08  298891.73            
2.9386915e-08  210982.4            
2.9603883e-08  210982.4            
2.9820851e-08  210982.4            
3.0037819e-08  281309.86            
3.0254786e-08  210982.4            
3.0471754e-08  228564.26            
3.0688722e-08  246146.13            
3.0905689e-08  140654.93            
3.1122657e-08  263727.99            
3.1339625e-08  316473.59            
3.1556593e-08  263727.99            
