-7.0493444e-10  692111.91            
-6.6084102e-10  0            
-6.1674761e-10  0            
-5.7265419e-10  346055.96            
-5.2856078e-10  1384223.8            
-4.8446736e-10  6575063.2            
-4.4037395e-10  10035623            
-3.9628053e-10  27684477            
-3.5218712e-10  67480912            
-3.080937e-10  1.6437658e+08            
-2.6400028e-10  3.3532822e+08            
-2.1990687e-10  6.1736383e+08            
-1.7581345e-10  1.0800406e+09            
-1.3172004e-10  1.6115826e+09            
-8.7626623e-11  2.2552467e+09            
-4.3533208e-11  2.7964782e+09            
5.6020732e-13  3.0048039e+09            
4.4653623e-11  2.857038e+09            
8.8747038e-11  2.4760304e+09            
1.3284045e-10  1.8853129e+09            
1.7693387e-10  1.354117e+09            
2.2102728e-10  8.9663099e+08            
2.651207e-10  5.2046816e+08            
3.0921411e-10  2.90687e+08            
3.5330753e-10  1.6091602e+08            
3.9740095e-10  87898213            
4.4149436e-10  48793890            
4.8558778e-10  27684477            
5.2968119e-10  20763357            
5.7377461e-10  8651398.9            
6.1786802e-10  6229007.2            
6.6196144e-10  7267175.1            
7.0605485e-10  5882951.3            
7.5014827e-10  4152671.5            
7.9424168e-10  3460559.6            
8.383351e-10  3114503.6            
8.8242851e-10  1384223.8            
9.2652193e-10  2422391.7            
9.7061535e-10  692111.91            
1.0147088e-09  1038167.9            
1.0588022e-09  692111.91            
1.1028956e-09  346055.96            
1.146989e-09  692111.91            
1.1910824e-09  346055.96            
1.2351758e-09  692111.91            
1.2792693e-09  1038167.9            
1.3233627e-09  346055.96            
1.3674561e-09  0            
1.4115495e-09  692111.91            
1.4556429e-09  1038167.9            
1.4997363e-09  1038167.9            
1.5438297e-09  346055.96            
1.5879232e-09  1730279.8            
1.6320166e-09  346055.96            
1.67611e-09  692111.91            
1.7202034e-09  0            
1.7642968e-09  0            
1.8083902e-09  346055.96            
1.8524837e-09  692111.91            
1.8965771e-09  0            
1.9406705e-09  1038167.9            
1.9847639e-09  346055.96            
2.0288573e-09  346055.96            
2.0729507e-09  692111.91            
2.1170441e-09  692111.91            
2.1611376e-09  0            
2.205231e-09  692111.91            
2.2493244e-09  1038167.9            
2.2934178e-09  0            
2.3375112e-09  692111.91            
2.3816046e-09  692111.91            
2.4256981e-09  346055.96            
2.4697915e-09  692111.91            
2.5138849e-09  0            
2.5579783e-09  692111.91            
2.6020717e-09  346055.96            
2.6461651e-09  346055.96            
2.6902585e-09  346055.96            
2.734352e-09  0            
2.7784454e-09  0            
2.8225388e-09  346055.96            
2.8666322e-09  0            
2.9107256e-09  0            
2.954819e-09  346055.96            
2.9989125e-09  346055.96            
3.0430059e-09  346055.96            
3.0870993e-09  1038167.9            
3.1311927e-09  346055.96            
3.1752861e-09  0            
3.2193795e-09  0            
3.2634729e-09  0            
3.3075664e-09  1038167.9            
3.3516598e-09  0            
3.3957532e-09  0            
3.4398466e-09  0            
3.48394e-09  346055.96            
3.5280334e-09  346055.96            
3.5721269e-09  0            
3.6162203e-09  346055.96            
3.6603137e-09  0            
3.7044071e-09  346055.96            
3.7485005e-09  0            
3.7925939e-09  0            
3.8366873e-09  0            
3.8807808e-09  0            
3.9248742e-09  0            
3.9689676e-09  0            
4.013061e-09  0            
4.0571544e-09  346055.96            
4.1012478e-09  0            
4.1453413e-09  0            
4.1894347e-09  0            
4.2335281e-09  0            
4.2776215e-09  692111.91            
4.3217149e-09  0            
4.3658083e-09  0            
4.4099017e-09  0            
4.4539952e-09  346055.96            
4.4980886e-09  0            
4.542182e-09  346055.96            
4.5862754e-09  0            
4.6303688e-09  346055.96            
4.6744622e-09  346055.96            
4.7185556e-09  0            
4.7626491e-09  0            
4.8067425e-09  0            
4.8508359e-09  0            
4.8949293e-09  346055.96            
4.9390227e-09  0            
4.9831161e-09  0            
5.0272096e-09  0            
5.071303e-09  0            
5.1153964e-09  0            
5.1594898e-09  0            
5.2035832e-09  346055.96            
5.2476766e-09  0            
5.29177e-09  346055.96            
5.3358635e-09  0            
5.3799569e-09  0            
5.4240503e-09  0            
5.4681437e-09  346055.96            
